Linux 4.4.0-131-generic (smartcampus.et.ntust.edu.tw) 	11/01/2018 	_x86_64_	(32 CPU)

02:01:26 PM  CPU    %usr   %nice    %sys %iowait    %irq   %soft  %steal  %guest  %gnice   %idle
02:01:28 PM  all    0.13    0.00   10.03    0.00    0.00    0.24    0.00    6.84    0.00   82.77
02:01:28 PM    0    0.00    0.00   10.82    0.00    0.00    1.03    0.00   21.65    0.00   66.49
02:01:28 PM    1    0.50    0.00   15.08    0.00    0.00    2.01    0.00   12.06    0.00   70.35
02:01:28 PM    2    0.00    0.00   19.00    0.00    0.00    0.00    0.00   11.50    0.00   69.50
02:01:28 PM    3    0.00    0.00   13.07    0.00    0.00    0.00    0.00   18.59    0.00   68.34
02:01:28 PM    4    0.00    0.00   15.03    0.00    0.00    0.52    0.00    8.29    0.00   76.17
02:01:28 PM    5    1.01    0.00   18.18    0.00    0.00    0.51    0.00    9.09    0.00   71.21
02:01:28 PM    6    1.04    0.00    5.18    0.00    0.00    0.00    0.00    9.33    0.00   84.46
02:01:28 PM    7    0.00    0.00   11.68    0.00    0.00    0.51    0.00    8.63    0.00   79.19
02:01:28 PM    8    0.00    0.00   10.50    0.00    0.00    0.50    0.00    7.00    0.00   82.00
02:01:28 PM    9    0.00    0.00    9.64    0.00    0.00    0.00    0.00    6.09    0.00   84.26
02:01:28 PM   10    0.00    0.00   11.73    0.00    0.00    0.51    0.00    8.16    0.00   79.59
02:01:28 PM   11    0.51    0.00   16.41    0.00    0.00    0.00    0.00    5.13    0.00   77.95
02:01:28 PM   12    0.00    0.00   12.31    0.00    0.00    0.00    0.00    5.13    0.00   82.56
02:01:28 PM   13    0.50    0.00    8.54    0.00    0.00    0.50    0.00   10.55    0.00   79.90
02:01:28 PM   14    0.51    0.00   14.87    0.00    0.00    0.00    0.00    5.64    0.00   78.97
02:01:28 PM   15    0.51    0.00   12.18    0.00    0.00    0.51    0.00    6.09    0.00   80.71
02:01:28 PM   16    0.00    0.00    7.61    0.00    0.00    0.00    0.00    5.58    0.00   86.80
02:01:28 PM   17    0.00    0.00    9.14    0.00    0.00    0.00    0.00    3.55    0.00   87.31
02:01:28 PM   18    0.00    0.00   10.66    0.00    0.00    0.00    0.00    4.06    0.00   85.28
02:01:28 PM   19    0.00    0.00    6.70    0.00    0.00    0.00    0.00    4.12    0.00   89.18
02:01:28 PM   20    0.00    0.00   11.50    0.00    0.00    0.50    0.00    6.00    0.00   82.00
02:01:28 PM   21    0.00    0.00    8.85    0.00    0.00    0.00    0.00   11.46    0.00   79.69
02:01:28 PM   22    0.00    0.00    9.95    0.00    0.00    0.00    0.00    5.76    0.00   84.29
02:01:28 PM   23    0.50    0.00    4.98    0.00    0.00    0.00    0.00    6.97    0.00   87.56
02:01:28 PM   24    0.00    0.00    4.57    0.00    0.00    0.00    0.00    3.55    0.00   91.88
02:01:28 PM   25    0.00    0.00   11.62    0.00    0.00    0.00    0.00    3.54    0.00   84.85
02:01:28 PM   26    0.00    0.00    4.55    0.00    0.00    0.00    0.00    1.01    0.00   94.44
02:01:28 PM   27    0.00    0.00    5.50    0.00    0.00    0.00    0.00    1.00    0.00   93.50
02:01:28 PM   28    0.00    0.00   13.78    0.00    0.00    0.00    0.00    3.57    0.00   82.65
02:01:28 PM   29    0.50    0.00    4.52    0.00    0.00    0.00    0.00    0.00    0.00   94.97
02:01:28 PM   30    0.00    0.00    1.98    0.00    0.00    0.00    0.00    4.46    0.00   93.56
02:01:28 PM   31    0.50    0.00    2.00    0.00    0.00    0.00    0.00    2.00    0.00   95.50

02:01:28 PM  CPU    %usr   %nice    %sys %iowait    %irq   %soft  %steal  %guest  %gnice   %idle
02:01:30 PM  all    1.56    0.00   19.77    0.00    0.00    0.21    0.00    6.38    0.00   72.09
02:01:30 PM    0    0.51    0.00   33.33    0.00    0.00    1.52    0.00   13.64    0.00   51.01
02:01:30 PM    1    0.52    0.00   24.61    0.00    0.00    1.05    0.00    7.85    0.00   65.97
02:01:30 PM    2    0.52    0.00   24.35    0.00    0.00    1.04    0.00    9.33    0.00   64.77
02:01:30 PM    3    2.08    0.00   26.04    0.00    0.00    1.04    0.00    8.33    0.00   62.50
02:01:30 PM    4    1.04    0.00   15.62    0.00    0.00    0.52    0.00   10.42    0.00   72.40
02:01:30 PM    5    1.04    0.00   27.08    0.00    0.00    0.52    0.00    6.77    0.00   64.58
02:01:30 PM    6    1.05    0.00   24.74    0.00    0.00    0.00    0.00    9.47    0.00   64.74
02:01:30 PM    7    1.03    0.00   26.67    0.00    0.00    0.51    0.00    8.72    0.00   63.08
02:01:30 PM    8    4.12    0.00   25.26    0.00    0.00    0.00    0.00    6.70    0.00   63.92
02:01:30 PM    9    3.59    0.00   29.23    0.00    0.00    0.00    0.00    5.13    0.00   62.05
02:01:30 PM   10    1.55    0.00   28.35    0.00    0.00    0.00    0.00    5.67    0.00   64.43
02:01:30 PM   11    5.64    0.00   19.49    0.00    0.00    0.00    0.00    7.18    0.00   67.69
02:01:30 PM   12    1.55    0.00   19.17    0.00    0.00    0.00    0.00    3.11    0.00   76.17
02:01:30 PM   13    0.51    0.00   22.45    0.00    0.00    0.00    0.00    9.18    0.00   67.86
02:01:30 PM   14    3.14    0.00   19.37    0.00    0.00    0.00    0.00    4.19    0.00   73.30
02:01:30 PM   15    1.54    0.00   32.82    0.00    0.00    0.00    0.00    6.67    0.00   58.97
02:01:30 PM   16    1.53    0.00    9.69    0.00    0.00    0.00    0.00    5.10    0.00   83.67
02:01:30 PM   17    0.53    0.00   25.26    0.00    0.00    0.53    0.00    9.47    0.00   64.21
02:01:30 PM   18    1.55    0.00   32.47    0.00    0.00    0.00    0.00   12.37    0.00   53.61
02:01:30 PM   19    0.52    0.00   16.49    0.00    0.00    0.00    0.00    6.19    0.00   76.80
02:01:30 PM   20    1.00    0.00    7.96    0.00    0.00    0.50    0.00    7.96    0.00   82.59
02:01:30 PM   21    6.25    0.00   14.58    0.00    0.00    0.00    0.00    5.73    0.00   73.44
02:01:30 PM   22    1.02    0.00   11.17    0.00    0.00    0.51    0.00    9.14    0.00   78.17
02:01:30 PM   23    0.51    0.00    1.02    0.00    0.00    0.00    0.00    3.55    0.00   94.92
02:01:30 PM   24    0.00    0.00    8.63    0.00    0.00    0.00    0.00    2.54    0.00   88.83
02:01:30 PM   25    1.04    0.00   10.88    0.00    0.00    0.00    0.00    3.11    0.00   84.97
02:01:30 PM   26    1.02    0.00    8.67    0.00    0.00    0.00    0.00    0.51    0.00   89.80
02:01:30 PM   27    0.51    0.00   17.86    0.00    0.00    0.00    0.00    4.59    0.00   77.04
02:01:30 PM   28    1.52    0.00   14.65    0.00    0.00    0.00    0.00    4.04    0.00   79.80
02:01:30 PM   29    0.51    0.00   26.90    0.00    0.00    0.00    0.00    3.55    0.00   69.04
02:01:30 PM   30    1.52    0.00   16.75    0.00    0.00    0.00    0.00    3.05    0.00   78.68
02:01:30 PM   31    1.03    0.00   11.28    0.00    0.00    0.00    0.00    1.54    0.00   86.15

02:01:30 PM  CPU    %usr   %nice    %sys %iowait    %irq   %soft  %steal  %guest  %gnice   %idle
02:01:32 PM  all    0.27    0.00   16.76    0.00    0.00    0.35    0.00    5.70    0.00   76.91
02:01:32 PM    0    0.49    0.00   18.14    0.00    0.00    4.41    0.00    5.39    0.00   71.57
02:01:32 PM    1    0.53    0.00   21.58    0.00    0.00    2.63    0.00    6.32    0.00   68.95
02:01:32 PM    2    0.00    0.00   24.47    0.00    0.00    0.53    0.00    5.85    0.00   69.15
02:01:32 PM    3    0.52    0.00   27.32    0.00    0.00    0.00    0.00   14.95    0.00   57.22
02:01:32 PM    4    0.53    0.00   25.79    0.00    0.00    0.00    0.00    8.42    0.00   65.26
02:01:32 PM    5    0.51    0.00   19.49    0.00    0.00    0.51    0.00    5.13    0.00   74.36
02:01:32 PM    6    0.00    0.00   26.74    0.00    0.00    0.00    0.00    5.88    0.00   67.38
02:01:32 PM    7    0.00    0.00   25.39    0.00    0.00    0.00    0.00    7.25    0.00   67.36
02:01:32 PM    8    3.06    0.00   20.92    0.00    0.00    0.00    0.00    7.65    0.00   68.37
02:01:32 PM    9    0.51    0.00   19.80    0.00    0.00    0.51    0.00   11.17    0.00   68.02
02:01:32 PM   10    1.54    0.00   13.85    0.00    0.00    0.00    0.00    4.62    0.00   80.00
02:01:32 PM   11    0.50    0.00   11.06    0.00    0.00    0.50    0.00    8.04    0.00   79.90
02:01:32 PM   12    0.50    0.00    7.00    0.00    0.00    1.00    0.00    6.50    0.00   85.00
02:01:32 PM   13    0.51    0.00   11.28    0.00    0.00    0.51    0.00    6.67    0.00   81.03
02:01:32 PM   14    0.00    0.00   17.19    0.00    0.00    0.00    0.00    9.90    0.00   72.92
02:01:32 PM   15    0.00    0.00   23.47    0.00    0.00    0.00    0.00    6.12    0.00   70.41
02:01:32 PM   16    0.00    0.00   27.18    0.00    0.00    0.00    0.00    8.21    0.00   64.62
02:01:32 PM   17    0.51    0.00    9.23    0.00    0.00    0.00    0.00    3.08    0.00   87.18
02:01:32 PM   18    0.52    0.00   12.37    0.00    0.00    0.00    0.00    4.12    0.00   82.99
02:01:32 PM   19    0.00    0.00   19.90    0.00    0.00    0.00    0.00    2.55    0.00   77.55
02:01:32 PM   20    0.00    0.00   42.63    0.00    0.00    0.00    0.00    7.37    0.00   50.00
02:01:32 PM   21    0.52    0.00   12.95    0.00    0.00    0.00    0.00    3.11    0.00   83.42
02:01:32 PM   22    0.00    0.00   16.15    0.00    0.00    0.00    0.00    7.29    0.00   76.56
02:01:32 PM   23    0.00    0.00   16.84    0.00    0.00    0.00    0.00    4.74    0.00   78.42
02:01:32 PM   24    0.51    0.00    9.18    0.00    0.00    0.00    0.00    1.53    0.00   88.78
02:01:32 PM   25    0.00    0.00    1.01    0.00    0.00    0.00    0.00    1.51    0.00   97.49
02:01:32 PM   26    0.00    0.00   12.24    0.00    0.00    0.00    0.00    2.04    0.00   85.71
02:01:32 PM   27    0.00    0.00    6.06    0.00    0.00    0.00    0.00    4.55    0.00   89.39
02:01:32 PM   28    0.00    0.00   20.20    0.00    0.00    0.00    0.00    3.03    0.00   76.77
02:01:32 PM   29    0.00    0.00    8.67    0.00    0.00    0.00    0.00    4.59    0.00   86.73
02:01:32 PM   30    0.00    0.00    7.25    0.00    0.00    0.00    0.00    2.59    0.00   90.16
02:01:32 PM   31    1.01    0.00    2.51    0.00    0.00    0.00    0.00    1.51    0.00   94.97

02:01:32 PM  CPU    %usr   %nice    %sys %iowait    %irq   %soft  %steal  %guest  %gnice   %idle
02:01:34 PM  all    0.16    0.00   24.15    0.00    0.00    0.40    0.00    6.91    0.00   68.38
02:01:34 PM    0    0.51    0.00   30.96    0.00    0.00    3.05    0.00    8.12    0.00   57.36
02:01:34 PM    1    0.00    0.00   36.07    0.00    0.00    0.55    0.00   12.02    0.00   51.37
02:01:34 PM    2    0.00    0.00   23.12    0.00    0.00    2.69    0.00   10.75    0.00   63.44
02:01:34 PM    3    0.54    0.00   34.24    0.00    0.00    1.09    0.00    4.89    0.00   59.24
02:01:34 PM    4    0.00    0.00   38.14    0.00    0.00    0.00    0.00   11.34    0.00   50.52
02:01:34 PM    5    0.00    0.00   29.03    0.00    0.00    0.00    0.00    7.53    0.00   63.44
02:01:34 PM    6    0.00    0.00   27.18    0.00    0.00    0.51    0.00    4.62    0.00   67.69
02:01:34 PM    7    1.03    0.00   36.92    0.00    0.00    0.51    0.00    9.23    0.00   52.31
02:01:34 PM    8    0.00    0.00   29.69    0.00    0.00    0.52    0.00    6.77    0.00   63.02
02:01:34 PM    9    0.53    0.00   15.26    0.53    0.00    0.53    0.00   10.00    0.00   73.16
02:01:34 PM   10    0.00    0.00   32.14    0.00    0.00    0.51    0.00    7.65    0.00   59.69
02:01:34 PM   11    0.00    0.00   30.41    0.00    0.00    0.52    0.00    6.70    0.00   62.37
02:01:34 PM   12    0.00    0.00   20.41    0.00    0.00    0.00    0.00    9.18    0.00   70.41
02:01:34 PM   13    1.06    0.00   31.91    0.00    0.00    0.00    0.00    9.57    0.00   57.45
02:01:34 PM   14    0.00    0.00   25.52    0.00    0.00    0.00    0.00   13.02    0.00   61.46
02:01:34 PM   15    0.52    0.00   22.16    0.00    0.00    1.03    0.00   10.31    0.00   65.98
02:01:34 PM   16    0.00    0.00   14.72    0.00    0.00    0.00    0.00    5.58    0.00   79.70
02:01:34 PM   17    0.00    0.00   29.69    0.00    0.00    0.00    0.00    4.69    0.00   65.62
02:01:34 PM   18    1.04    0.00   28.50    0.00    0.00    0.00    0.00    8.81    0.00   61.66
02:01:34 PM   19    0.51    0.00   24.62    0.00    0.00    0.00    0.00    5.64    0.00   69.23
02:01:34 PM   20    0.00    0.00   19.59    0.00    0.00    0.00    0.00    3.61    0.00   76.80
02:01:34 PM   21    0.00    0.00   21.58    0.00    0.00    0.00    0.00    5.26    0.00   73.16
02:01:34 PM   22    0.00    0.00   39.30    0.00    0.00    0.00    0.00    4.98    0.00   55.72
02:01:34 PM   23    0.00    0.00    9.42    0.00    0.00    0.00    0.00    4.71    0.00   85.86
02:01:34 PM   24    0.00    0.00   27.04    0.00    0.00    0.00    0.00    6.63    0.00   66.33
02:01:34 PM   25    0.00    0.00   25.89    0.00    0.00    0.00    0.00    3.05    0.00   71.07
02:01:34 PM   26    0.00    0.00   11.22    0.00    0.00    0.00    0.00    3.57    0.00   85.20
02:01:34 PM   27    0.00    0.00   16.33    0.00    0.00    0.00    0.00    4.59    0.00   79.08
02:01:34 PM   28    0.00    0.00   17.68    0.00    0.00    0.00    0.00    4.55    0.00   77.78
02:01:34 PM   29    0.51    0.00   15.38    0.00    0.00    0.00    0.00    5.13    0.00   78.97
02:01:34 PM   30    0.51    0.00    3.03    0.00    0.00    0.00    0.00    5.56    0.00   90.91
02:01:34 PM   31    0.00    0.00    9.09    0.00    0.00    0.51    0.00    2.02    0.00   88.38

Average:     CPU    %usr   %nice    %sys %iowait    %irq   %soft  %steal  %guest  %gnice   %idle
Average:     all    0.53    0.00   17.64    0.00    0.00    0.30    0.00    6.45    0.00   75.07
Average:       0    0.38    0.00   23.33    0.00    0.00    2.52    0.00   12.11    0.00   61.66
Average:       1    0.39    0.00   24.12    0.00    0.00    1.57    0.00    9.57    0.00   64.35
Average:       2    0.13    0.00   22.69    0.00    0.00    1.04    0.00    9.39    0.00   66.75
Average:       3    0.78    0.00   24.97    0.00    0.00    0.52    0.00   11.83    0.00   61.90
Average:       4    0.39    0.00   23.67    0.00    0.00    0.26    0.00    9.62    0.00   66.06
Average:       5    0.65    0.00   23.35    0.00    0.00    0.39    0.00    7.13    0.00   68.48
Average:       6    0.52    0.00   20.92    0.00    0.00    0.13    0.00    7.32    0.00   71.11
Average:       7    0.26    0.00   25.19    0.00    0.00    0.39    0.00    8.48    0.00   65.68
Average:       8    1.79    0.00   21.48    0.00    0.00    0.26    0.00    7.03    0.00   69.44
Average:       9    1.03    0.00   18.51    0.13    0.00    0.26    0.00    8.10    0.00   71.98
Average:      10    0.64    0.00   21.54    0.00    0.00    0.26    0.00    6.54    0.00   71.03
Average:      11    1.66    0.00   19.28    0.00    0.00    0.26    0.00    6.77    0.00   72.03
Average:      12    0.51    0.00   14.67    0.00    0.00    0.26    0.00    5.99    0.00   78.57
Average:      13    0.64    0.00   18.38    0.00    0.00    0.26    0.00    9.00    0.00   71.72
Average:      14    0.91    0.00   19.22    0.00    0.00    0.00    0.00    8.18    0.00   71.69
Average:      15    0.64    0.00   22.63    0.00    0.00    0.38    0.00    7.29    0.00   69.05
Average:      16    0.38    0.00   14.78    0.00    0.00    0.00    0.00    6.11    0.00   78.73
Average:      17    0.26    0.00   18.22    0.00    0.00    0.13    0.00    5.17    0.00   76.23
Average:      18    0.77    0.00   20.95    0.00    0.00    0.00    0.00    7.33    0.00   70.95
Average:      19    0.26    0.00   16.94    0.00    0.00    0.00    0.00    4.62    0.00   78.18
Average:      20    0.25    0.00   20.13    0.00    0.00    0.25    0.00    6.24    0.00   73.12
Average:      21    1.69    0.00   14.47    0.00    0.00    0.00    0.00    6.39    0.00   77.44
Average:      22    0.13    0.00   19.36    0.00    0.00    0.13    0.00    6.79    0.00   73.59
Average:      23    0.26    0.00    7.96    0.00    0.00    0.00    0.00    5.01    0.00   86.78
Average:      24    0.00    0.00   12.36    0.00    0.00    0.00    0.00    3.57    0.00   84.08
Average:      25    0.25    0.00   12.33    0.00    0.00    0.00    0.00    2.80    0.00   84.63
Average:      26    0.25    0.00    9.16    0.00    0.00    0.00    0.00    1.78    0.00   88.80
Average:      27    0.13    0.00   11.39    0.00    0.00    0.00    0.00    3.67    0.00   84.81
Average:      28    0.38    0.00   16.58    0.00    0.00    0.00    0.00    3.80    0.00   79.24
Average:      29    0.38    0.00   13.85    0.00    0.00    0.00    0.00    3.30    0.00   82.47
Average:      30    0.25    0.00    7.23    0.00    0.00    0.00    0.00    3.93    0.00   88.58
Average:      31    0.63    0.00    6.19    0.00    0.00    0.13    0.00    1.77    0.00   91.29
